2020-02-26 3 3 0
2020-02-27 1 0 0
2020-02-28 2 0 0
2020-02-29 3 1 0
2020-03-01 4 0 0
2020-03-02 5 0 0
2020-03-03 7 0 0
2020-03-04 6 0 0
2020-03-05 9 0 0
2020-03-06 11 1 0
2020-03-07 6 1 0
2020-03-08 13 2 0
2020-03-09 38 7 0
2020-03-10 62 1 0
2020-03-11 69 7 0
2020-03-12 216 17 0
2020-03-13 272 22 0
2020-03-14 280 28 0
2020-03-15 166 24 0
2020-03-16 679 84 1
2020-03-17 783 93 2
2020-03-18 889 115 1
2020-03-19 1152 142 0
2020-03-20 1780 217 6
2020-03-21 723 125 4
2020-03-22 1041 120 4
2020-03-23 1526 314 5
2020-03-24 1665 366 5
2020-03-25 2356 383 5
2020-03-26 2642 411 9
2020-03-27 2196 437 3
2020-03-28 1282 309 13
2020-03-29 1637 265 18
2020-03-30 1981 444 14
2020-03-31 2368 484 23
2020-04-01 2576 444 21
2020-04-02 2714 485 21
2020-04-03 2829 442 32
2020-04-04 1666 295 25
2020-04-05 1127 248 32
2020-04-06 2515 539 25
2020-04-07 2797 546 38
2020-04-08 3088 564 29
2020-04-09 2825 425 36
2020-04-10 2839 459 26
2020-04-11 1576 263 23
2020-04-12 757 171 27
2020-04-13 3557 614 35
2020-04-14 3699 633 47
2020-04-15 3398 576 38
2020-04-16 3999 615 34
2020-04-17 4318 649 35
2020-04-18 1770 282 28
2020-04-19 1135 258 39
2020-04-20 4401 729 37
2020-04-21 3947 646 49
2020-04-22 3962 603 50
2020-04-23 4582 1429 38
2020-04-24 3756 802 36
2020-04-25 2405 378 42
2020-04-26 1863 232 35
2020-04-27 4821 718 44
2020-04-28 5109 750 36
2020-04-29 5425 702 44
2020-04-30 5817 680 45
2020-05-01 6733 872 37
2020-05-02 3332 440 44
2020-05-03 1845 308 37
2020-05-04 5882 698 40
2020-05-05 6551 756 37
2020-05-06 6017 538 42
2020-05-07 6660 621 37
2020-05-08 6746 565 28
2020-05-09 3348 313 34
2020-05-10 1321 144 33
2020-05-11 7169 621 41
2020-05-12 6804 699 39
2020-05-13 7123 593 27
2020-05-14 7836 524 44
2020-05-15 9517 868 33
2020-05-16 3141 246 30
2020-05-17 1927 196 30
2020-05-18 8258 699 41
2020-05-19 6945 591 31
2020-05-20 6580 580 33
2020-05-21 7415 653 40
2020-05-22 8165 542 18
2020-05-23 2861 209 25
2020-05-24 1838 158 15
2020-05-25 1816 175 23
2020-05-26 7773 655 21
2020-05-27 6391 454 15
2020-05-28 7068 496 19
2020-05-29 7700 478 22
2020-05-30 2875 184 23
2020-05-31 1821 134 17
2020-06-01 8101 611 20
2020-06-02 5683 426 20
2020-06-03 6736 408 28
2020-06-04 6960 462 23
2020-06-05 7902 433 21
2020-06-06 3720 158 10
2020-06-07 2001 154 14
2020-06-08 9766 688 16
2020-06-09 6677 456 26
2020-06-10 8053 456 18
2020-06-11 9771 401 15
2020-06-12 10033 380 16
2020-06-13 4902 168 13
2020-06-14 1898 175 20
2020-06-15 11359 469 15
2020-06-16 9708 370 15
2020-06-17 10074 430 17
2020-06-18 10049 394 26
2020-06-19 10171 369 11
2020-06-20 4373 206 10
2020-06-21 1839 134 12
2020-06-22 10668 597 16
2020-06-23 9623 481 5
2020-06-24 9033 457 10
2020-06-25 9278 466 12
2020-06-26 9789 544 12
2020-06-27 4024 255 12
2020-06-28 2961 219 9
2020-06-29 10239 640 8
2020-06-30 8826 592 10
2020-07-01 7909 567 12
2020-07-02 8993 668 9
2020-07-03 5182 327 11
2020-07-04 2085 175 7
2020-07-05 2701 275 12
2020-07-06 11249 913 16
2020-07-07 9813 841 9
2020-07-08 8914 737 8
2020-07-09 9056 747 11
2020-07-10 10392 746 7
2020-07-11 4817 372 11
2020-07-12 3564 336 12
2020-07-13 12413 1023 9
2020-07-14 11697 949 6
2020-07-15 11269 892 11
2020-07-16 12766 988 10
2020-07-17 13202 956 9
2020-07-18 5741 378 9
2020-07-19 3125 299 10
2020-07-20 13035 1036 14
2020-07-21 12681 978 9
2020-07-22 12198 981 13
2020-07-23 12135 1001 10
2020-07-24 12401 907 11
2020-07-25 5026 401 11
2020-07-26 2567 280 10
2020-07-27 12574 1049 4
2020-07-28 12552 966 6
2020-07-29 11393 1056 21
2020-07-30 11261 844 9
2020-07-31 11986 957 11
2020-08-01 4848 424 13
2020-08-02 2909 300 9
2020-08-03 13340 1190 9
2020-08-04 13141 1128 11
2020-08-05 13327 1081 5
2020-08-06 13753 1070 15
2020-08-07 13992 1062 14
2020-08-08 5553 408 12
2020-08-09 3685 320 7
2020-08-10 15909 1325 16
2020-08-11 13379 1024 13
2020-08-12 14563 1114 15
2020-08-13 14365 934 14
2020-08-14 15708 1071 17
2020-08-15 5492 393 12
2020-08-16 5219 345 12
2020-08-17 17614 1272 22
2020-08-18 16208 1156 5
2020-08-19 15927 1111 17
2020-08-20 15040 990 16
2020-08-21 14669 970 8
2020-08-22 6471 440 15
2020-08-23 4702 362 12
2020-08-24 13488 1270 14
2020-08-25 12440 1126 11
2020-08-26 11727 1201 4
2020-08-27 11923 1078 16
2020-08-28 11421 1018 9
2020-08-29 4512 479 12
2020-08-30 2847 324 9
2020-08-31 12677 1350 13
2020-09-01 11665 1080 7
2020-09-02 11184 1101 10
2020-09-03 10283 1068 6
2020-09-04 10500 966 14
2020-09-05 3937 439 11
2020-09-06 2376 285 14
2020-09-07 2972 369 11
2020-09-08 12760 1360 16
2020-09-09 11703 1064 13
2020-09-10 10735 988 12
2020-09-11 10759 993 12
2020-09-12 4036 356 4
2020-09-13 2520 301 17
2020-09-14 11349 1213 14
2020-09-15 9828 1013 12
2020-09-16 9222 920 8
2020-09-17 9531 854 15
2020-09-18 9040 798 12
2020-09-19 3657 382 10
2020-09-20 2262 289 7
2020-09-21 10872 1209 11
2020-09-22 9902 1157 15
2020-09-23 9267 1156 17
2020-09-24 9603 1096 13
2020-09-25 8978 990 13
2020-09-26 3833 513 24
2020-09-27 2370 431 12
2020-09-28 11178 1746 20
2020-09-29 10615 1484 19
2020-09-30 9706 1330 13
2020-10-01 10459 1312 19
2020-10-02 11207 1294 18
2020-10-03 4842 611 24
2020-10-04 3491 566 16
2020-10-05 13698 2049 14
2020-10-06 12427 1792 15
2020-10-07 11762 1876 19
2020-10-08 12043 1981 23
2020-10-09 11305 1936 25
2020-10-10 5392 952 17
2020-10-11 3365 774 21
2020-10-12 12015 2518 23
2020-10-13 12750 2482 29
2020-10-14 11981 2274 20
2020-10-15 12700 2214 35
2020-10-16 11762 2033 42
2020-10-17 5622 1054 24
2020-10-18 3415 809 30
2020-10-19 14066 3266 20
2020-10-20 13549 2778 36
2020-10-21 12952 2797 33
2020-10-22 12841 2937 36
2020-10-23 12521 2744 28
2020-10-24 5913 1460 25
2020-10-25 3875 1087 30
2020-10-26 16020 4343 41
2020-10-27 15284 3658 41
2020-10-28 14654 3729 35
2020-10-29 15738 3956 39
2020-10-30 14302 3557 50
2020-10-31 6783 1829 35
2020-11-01 4539 1613 40
2020-11-02 17835 5540 43
2020-11-03 16507 5180 43
2020-11-04 19295 6128 52
2020-11-05 20432 6562 40
2020-11-06 19029 6016 57
2020-11-07 9946 3255 49
2020-11-08 5942 2454 61
2020-11-09 22835 9146 44
2020-11-10 23664 8903 61
2020-11-11 18914 6686 59
2020-11-12 23116 8080 41
2020-11-13 21474 6805 46
2020-11-14 10893 3528 52
2020-11-15 6616 2374 70
2020-11-16 25345 9218 63
2020-11-17 23921 8045 83
2020-11-18 22831 7143 74
2020-11-19 23513 7254 78
2020-11-20 21636 6683 72
2020-11-21 10680 3542 69
2020-11-22 5926 2441 78
2020-11-23 21786 8863 88
2020-11-24 20640 7776 82
2020-11-25 18242 6881 84
2020-11-26 2113 1032 95
2020-11-27 12845 5605 86
2020-11-28 8538 3976 73
2020-11-29 5763 2976 81
2020-11-30 20767 10113 85
2020-12-01 19543 8399 87
2020-12-02 18890 7363 100
2020-12-03 19282 7366 90
2020-12-04 17688 6731 99
2020-12-05 9070 3448 97
2020-12-06 5367 2520 90
2020-12-07 19842 9033 95
2020-12-08 17817 7396 111
2020-12-09 16524 6582 105
2020-12-10 16756 6642 109
2020-12-11 15568 5944 110
2020-12-12 8313 3256 97
2020-12-13 5326 2445 88
2020-12-14 17493 8179 107
2020-12-15 16148 6721 95
2020-12-16 13999 5553 94
2020-12-17 14756 5639 115
2020-12-18 13731 5256 110
2020-12-19 7900 3067 96
2020-12-20 4771 2262 88
2020-12-21 15781 7313 107
2020-12-22 13665 5735 84
2020-12-23 12499 5180 94
2020-12-24 7122 3109 79
2020-12-25 1133 612 91
2020-12-26 7212 3767 95
2020-12-27 4772 2804 95
2020-12-28 14012 7918 105
2020-12-29 12680 6616 125
2020-12-30 12774 5921 103
2020-12-31 10597 4882 79
2021-01-01 2095 1234 86
2021-01-02 8633 4666 99
2021-01-03 5180 3028 74
2021-01-04 16560 8644 118
2021-01-05 14213 6587 72
2021-01-06 12596 5475 90
2021-01-07 13229 5257 82
2021-01-08 12207 4451 68
2021-01-09 6924 2709 78
2021-01-10 4618 2198 62
2021-01-11 14338 5551 77
2021-01-12 12598 4444 65
2021-01-13 12119 3836 73
2021-01-14 11922 3820 75
2021-01-15 10783 3265 70
2021-01-16 5796 2040 77
2021-01-17 4027 1718 73
2021-01-18 10293 3732 74
2021-01-19 11158 3579 53
2021-01-20 9943 3133 71
2021-01-21 10229 2955 59
2021-01-22 9364 2674 73
2021-01-23 4725 1552 54
2021-01-24 3214 1224 56
2021-01-25 10382 3259 52
2021-01-26 9145 2486 56
2021-01-27 8575 2287 59
2021-01-28 8280 2178 58
2021-01-29 7804 1993 54
2021-01-30 4003 1162 52
2021-01-31 2683 904 46
2021-02-01 8613 2543 49
2021-02-02 8044 2047 53
2021-02-03 7633 1938 53
2021-02-04 7592 1797 43
2021-02-05 7061 1473 32
2021-02-06 3882 981 29
2021-02-07 2430 788 30
2021-02-08 8640 1901 26
2021-02-09 7277 1538 36
2021-02-10 6346 1303 31
2021-02-11 6161 1292 21
2021-02-12 5909 1208 29
2021-02-13 3030 705 21
2021-02-14 2050 575 22
2021-02-15 4863 1064 31
2021-02-16 2998 699 25
2021-02-17 5559 1284 28
2021-02-18 5130 1110 15
2021-02-19 5232 1007 10
2021-02-20 3120 617 31
2021-02-21 2036 535 21
2021-02-22 6219 1271 22
2021-02-23 5682 908 17
2021-02-24 5120 933 19
2021-02-25 5422 827 16
2021-02-26 4897 745 15
2021-02-27 2649 509 12
2021-02-28 1850 406 16
2021-03-01 6084 1008 14
2021-03-02 5403 905 26
2021-03-03 5139 828 11
2021-03-04 4958 831 13
2021-03-05 4868 763 17
2021-03-06 2499 451 13
2021-03-07 1973 423 13
2021-03-08 6090 1073 14
2021-03-09 5371 832 12
2021-03-10 5208 882 16
2021-03-11 5294 840 10
2021-03-12 4898 774 15
2021-03-13 2452 363 7
2021-03-14 1919 473 7
2021-03-15 6391 1136 8
2021-03-16 5842 910 10
2021-03-17 5417 860 8
2021-03-18 5218 870 20
2021-03-19 4853 848 9
2021-03-20 2718 554 2
2021-03-21 2054 494 10
2021-03-22 5783 1198 7
2021-03-23 5255 1065 6
2021-03-24 5005 1067 7
2021-03-25 4782 1012 9
2021-03-26 4818 976 8
2021-03-27 2745 642 8
2021-03-28 2085 591 8
2021-03-29 5776 1398 5
2021-03-30 5143 1273 10
2021-03-31 5097 1228 10
2021-04-01 4708 1189 9
2021-04-02 4408 1023 6
2021-04-03 2762 714 7
2021-04-04 1405 427 5
2021-04-05 5941 1614 4
2021-04-06 5232 1402 5
2021-04-07 5147 1359 9
2021-04-08 5025 1314 7
2021-04-09 4867 1232 9
2021-04-10 2776 790 8
2021-04-11 2244 693 11
2021-04-12 6244 1649 11
2021-04-13 5534 1382 16
2021-04-14 5100 1258 4
2021-04-15 4950 1172 6
2021-04-16 4839 1119 12
2021-04-17 2550 665 7
2021-04-18 1893 542 6
2021-04-19 6008 1418 6
2021-04-20 5145 1138 7
2021-04-21 4981 1135 8
2021-04-22 4645 1025 4
2021-04-23 4396 1067 6
2021-04-24 2505 635 9
2021-04-25 2022 619 11
2021-04-26 6265 1651 8
2021-04-27 5523 1378 10
2021-04-28 5044 1329 9
2021-04-29 4904 1255 8
2021-04-30 4523 1142 10
2021-05-01 2623 650 7
2021-05-02 2086 694 10
2021-05-03 6142 1477 7
2021-05-04 5261 1228 7
2021-05-05 4959 1121 11
2021-05-06 4873 985 10
2021-05-07 5097 826 10
2021-05-08 2609 573 9
2021-05-09 1988 454 14
2021-05-10 5845 1090 5
2021-05-11 4932 886 10
2021-05-12 4609 804 8
2021-05-13 4496 790 12
2021-05-14 4351 762 8
2021-05-15 2276 450 11
2021-05-16 2112 453 13
2021-05-17 5340 1023 8
2021-05-18 4680 849 5
2021-05-19 4283 749 16
2021-05-20 3933 671 9
2021-05-21 3696 633 9
2021-05-22 2141 365 13
2021-05-23 1736 362 2
2021-05-24 4269 728 9
2021-05-25 3955 643 11
2021-05-26 3474 505 12
2021-05-27 3059 462 9
2021-05-28 2937 387 11
2021-05-29 1846 257 15
2021-05-30 1532 229 8
2021-05-31 1146 154 16
2021-06-01 4192 539 8
2021-06-02 3280 350 6
2021-06-03 3294 383 10
2021-06-04 3003 348 11
2021-06-05 1843 216 7
2021-06-06 1537 206 8
2021-06-07 3578 359 6
2021-06-08 3026 310 10
2021-06-09 2957 299 6
2021-06-10 2986 257 9
2021-06-11 2554 232 7
2021-06-12 1654 138 7
2021-06-13 1324 134 8
2021-06-14 3124 267 2
2021-06-15 2635 236 8
2021-06-16 2426 197 2
2021-06-17 2559 203 10
2021-06-18 2681 202 6
2021-06-19 1782 123 4
2021-06-20 1219 120 8
2021-06-21 2940 264 4
2021-06-22 2620 226 5
2021-06-23 2463 228 7
2021-06-24 2621 235 5
2021-06-25 2361 218 5
2021-06-26 1573 150 8
2021-06-27 1199 129 2
2021-06-28 2726 322 1
2021-06-29 2475 265 4
2021-06-30 2280 272 8
2021-07-01 2370 294 9
2021-07-02 2150 269 5
2021-07-03 1521 195 3
2021-07-04 681 85 3
2021-07-05 2060 313 5
2021-07-06 3729 454 4
2021-07-07 4520 406 6
2021-07-08 7628 415 2
2021-07-09 4662 392 4
2021-07-10 1611 261 8
2021-07-11 1333 261 3
2021-07-12 3207 697 6
2021-07-13 2833 545 2
2021-07-14 2882 537 1
2021-07-15 2747 588 4
2021-07-16 2797 549 2
2021-07-17 1704 375 5
2021-07-18 1566 444 1
2021-07-19 3163 867 0
2021-07-20 3180 817 2
2021-07-21 3277 851 6
2021-07-22 3427 925 3
2021-07-23 3306 799 5
2021-07-24 2217 605 7
2021-07-25 1861 717 5
2021-07-26 4061 1394 5
2021-07-27 4016 1206 9
2021-07-28 4127 1357 6
2021-07-29 4545 1362 9
2021-07-30 4194 1259 5
2021-07-31 2698 921 9
2021-08-01 2350 981 9
2021-08-02 5711 2159 13
2021-08-03 5719 1951 8
2021-08-04 5711 2003 6
2021-08-05 6342 2203 8
2021-08-06 6335 2098 13
2021-08-07 3887 1434 8
2021-08-08 3303 1354 18
2021-08-09 8102 3263 15
2021-08-10 8638 3019 17
2021-08-11 8393 2806 11
2021-08-12 8535 3073 12
2021-08-13 8283 2739 13
2021-08-14 4524 1767 11
2021-08-15 4154 1616 21
2021-08-16 12213 4553 18
2021-08-17 11959 4049 19
2021-08-18 12289 4121 15
2021-08-19 12442 3993 24
2021-08-20 12292 3794 19
2021-08-21 6469 2317 34
2021-08-22 4965 2039 25
2021-08-23 15001 5667 24
2021-08-24 14765 5176 17
2021-08-25 13606 4776 29
2021-08-26 13289 4762 24
2021-08-27 12450 4461 32
2021-08-28 6566 2575 25
2021-08-29 4697 2099 37
2021-08-30 14411 5945 27
2021-08-31 13854 5141 24
2021-09-01 12704 4985 37
2021-09-02 11888 4495 23
2021-09-03 11295 4318 31
2021-09-04 6389 2511 23
2021-09-05 4426 2108 38
2021-09-06 3444 1761 42
2021-09-07 14758 6664 39
2021-09-08 12706 5240 33
2021-09-09 11683 4699 38
2021-09-10 10800 4107 49
2021-09-11 5654 2446 38
2021-09-12 4444 2033 41
2021-09-13 11935 4962 44
2021-09-14 11468 4394 51
2021-09-15 10356 3784 50
2021-09-16 9776 3528 35
2021-09-17 9487 3403 49
2021-09-18 4873 1963 31
2021-09-19 3609 1557 39
2021-09-20 10600 4158 39
2021-09-21 9634 3427 41
2021-09-22 8628 3056 40
2021-09-23 8239 2862 49
2021-09-24 7593 2534 49
2021-09-25 4210 1553 43
2021-09-26 3096 1387 43
2021-09-27 9451 3821 45
2021-09-28 8599 2992 44
2021-09-29 7885 2931 32
2021-09-30 7494 2689 35
2021-10-01 7479 2453 40
2021-10-02 3859 1460 30
2021-10-03 3017 1291 50
2021-10-04 8436 3284 42
2021-10-05 7760 2737 35
2021-10-06 7644 2566 35
2021-10-07 7414 2355 30
2021-10-08 6877 2072 28
2021-10-09 3485 1254 28
2021-10-10 2673 1065 32
2021-10-11 7179 2738 32
2021-10-12 6820 2368 36
2021-10-13 6452 2044 26
2021-10-14 6361 1872 38
2021-10-15 5820 1645 29
2021-10-16 3174 1012 31
2021-10-17 2163 856 27
2021-10-18 6396 2253 28
2021-10-19 5846 1929 32
2021-10-20 5861 1841 33
2021-10-21 5719 1639 28
2021-10-22 5400 1460 34
2021-10-23 2958 958 25
2021-10-24 2160 862 29
2021-10-25 6556 2240 22
2021-10-26 5877 1994 33
2021-10-27 5885 1873 24
2021-10-28 5563 1701 24
2021-10-29 5538 1759 24
2021-10-30 2949 1094 26
2021-10-31 2100 837 24
2021-11-01 6774 2503 26
2021-11-02 6337 2175 26
2021-11-03 6389 2182 25
2021-11-04 6371 2159 18
2021-11-05 6319 2107 27
2021-11-06 3345 1312 32
2021-11-07 2644 1247 25
2021-11-08 7884 3380 23
2021-11-09 7334 2916 23
2021-11-10 6935 2935 26
2021-11-11 6388 2680 32
2021-11-12 6698 2867 29
2021-11-13 3822 1685 23
2021-11-14 2792 1546 25
2021-11-15 8249 4154 30
2021-11-16 7659 3583 31
2021-11-17 8008 3840 23
2021-11-18 7669 3609 30
2021-11-19 7427 3376 34
2021-11-20 4097 2091 22
2021-11-21 3016 1874 31
2021-11-22 8205 4579 26
2021-11-23 7510 4005 23
2021-11-24 7048 3598 39
2021-11-25 1225 687 37
2021-11-26 5763 3120 30
2021-11-27 4297 2516 48
2021-11-28 3490 2408 36
2021-11-29 10474 7033 37
2021-11-30 9907 5880 34
2021-12-01 9866 5745 45
2021-12-02 9498 5441 38
2021-12-03 8909 4807 48
2021-12-04 5029 2931 34
2021-12-05 3554 2293 47
2021-12-06 10409 6430 49
2021-12-07 9506 5448 55
2021-12-08 9468 5283 49
2021-12-09 9025 4863 60
2021-12-10 8925 4372 50
2021-12-11 4715 2532 52
2021-12-12 3463 2207 43
2021-12-13 10340 6057 44
2021-12-14 9684 5314 68
2021-12-15 9132 4960 61
2021-12-16 8862 4774 64
2021-12-17 8312 4243 55
2021-12-18 4926 2651 58
2021-12-19 3656 2200 65
2021-12-20 9687 6022 48
2021-12-21 9691 5883 70
2021-12-22 9964 6457 69
2021-12-23 8960 6028 63
2021-12-24 4104 3017 54
2021-12-25 1528 1401 65
2021-12-26 4220 3932 57
2021-12-27 11939 11725 66
2021-12-28 12090 12682 58
2021-12-29 12713 13160 76
2021-12-30 11838 11990 68
2021-12-31 5656 6170 63
2022-01-01 2407 3014 56
2022-01-02 4236 5706 56
2022-01-03 13135 16344 72
2022-01-04 14320 18430 59
2022-01-05 13534 17460 51
2022-01-06 12633 15843 58
2022-01-07 11385 13768 69
2022-01-08 6875 8134 70
2022-01-09 4339 6079 66
2022-01-10 14181 18897 70
2022-01-11 13564 18427 83
2022-01-12 13830 18157 81
2022-01-13 13222 17152 85
2022-01-14 11918 15040 76
2022-01-15 5860 7716 73
2022-01-16 3878 5674 80
2022-01-17 10309 14873 74
2022-01-18 12453 17993 66
2022-01-19 12121 17203 86
2022-01-20 10895 14795 74
2022-01-21 9822 12641 82
2022-01-22 4302 5943 52
2022-01-23 2830 4095 72
2022-01-24 9589 12589 68
2022-01-25 8777 10833 57
2022-01-26 7857 9729 60
2022-01-27 7510 8736 70
2022-01-28 6555 6635 62
2022-01-29 3298 3354 77
2022-01-30 2448 2683 64
2022-01-31 6792 7266 56
2022-02-01 5767 5508 53
2022-02-02 3478 3441 58
2022-02-03 1686 1090 53
2022-02-04 2980 2171 54
2022-02-05 2368 2016 65
2022-02-06 1846 1555 41
2022-02-07 4878 3799 42
2022-02-08 3845 2504 55
2022-02-09 3506 2234 52
2022-02-10 3565 1923 45
2022-02-11 3496 1567 39
2022-02-12 1835 788 53
2022-02-13 1324 652 55
2022-02-14 3674 1588 43
2022-02-15 3363 1290 41
2022-02-16 3051 1315 32
2022-02-17 3146 1000 48
2022-02-18 2881 815 35
2022-02-19 1688 475 36
2022-02-20 1226 430 27
2022-02-21 3115 932 28
2022-02-22 2787 787 35
2022-02-23 2494 680 25
2022-02-24 2831 618 21
2022-02-25 2728 574 28
2022-02-26 1509 279 15
2022-02-27 1153 213 18
2022-02-28 2862 504 18
2022-03-01 2741 425 22
2022-03-02 2311 391 17
2022-03-03 2860 416 15
2022-03-04 2796 349 17
2022-03-05 1563 196 10
2022-03-06 1164 168 16
2022-03-07 2960 427 11
2022-03-08 2512 321 15
2022-03-09 2361 278 19
2022-03-10 2513 289 17
2022-03-11 2495 243 10
2022-03-12 1531 136 14
2022-03-13 1116 124 11
2022-03-14 2900 298 7
2022-03-15 2429 261 8
2022-03-16 2441 232 8
2022-03-17 2585 200 5
2022-03-18 2675 221 4
2022-03-19 1495 145 4
2022-03-20 1143 114 6
2022-03-21 2552 264 0
2022-03-22 2054 201 3
2022-03-23 1994 196 3
2022-03-24 2085 221 2
2022-03-25 2066 168 2
2022-03-26 1191 104 2
2022-03-27 829 78 1
2022-03-28 359 38 0
